Ethylene ,Furfural, Water 
0,	95,	5
5.2,	90.3,	4.5
10,	86.1,	3.9
20,	75.1,	4.9
27.5,	66.7,	5.8
41.5,	49,	9.5
50.5,	34.3,	15.2
52.5,	27.5,	20
47.5,	13.9,	38.6
40,	11,	49
30,	9.7,	60.3
15,	8.4,	76.6
0,	7.7,	92.3
